[gd_scene load_steps=7 format=2]

[ext_resource path="res://entities/camera/orbit_cam.gd" type="Script" id=1]
[ext_resource path="res://entities/position/position.gd" type="Script" id=2]
[ext_resource path="res://entities/enviroment/grid.tres" type="Material" id=3]
[ext_resource path="res://entities/simple_car/simple_car.tscn" type="PackedScene" id=5]

[sub_resource type="Environment" id=1]
background_mode = 1
background_color = Color( 0.364706, 0.643137, 0.729412, 1 )
ambient_light_color = Color( 0.00392157, 0.129412, 0.266667, 1 )

[sub_resource type="Curve" id=2]
_data = [ Vector2( 0, 0 ), 0.0, 3.54386, 0, 0, Vector2( 0.891089, 1 ), 0.0, 0.0, 0, 0 ]

[node name="Spatial" type="Spatial"]

[node name="WorldEnvironment" type="WorldEnvironment" parent="."]
environment = SubResource( 1 )

[node name="Axis" type="Spatial" parent="."]
transform = Transform( 1, 0, 0, 0, 1, 0, 0, 0, 1, 0.0135001, -2.38419e-07, -0.00163889 )
visible = false
script = ExtResource( 2 )

[node name="MainCamera" type="Camera" parent="."]
transform = Transform( 1, 0, 0, 0, -1.62921e-07, 1, 0, -1, -1.62921e-07, 0, 15.1, 3.3 )
projection = 1
size = 26.5
script = ExtResource( 1 )
target_path = NodePath("../SimpleCar")

[node name="SunLight" type="DirectionalLight" parent="."]
transform = Transform( 0.707107, -0.5, 0.5, 0, 0.707107, 0.707107, -0.707107, -0.5, 0.5, 0, 3, 0 )
light_color = Color( 0.956863, 0.956863, 0.945098, 1 )
shadow_enabled = true
shadow_color = Color( 0.145098, 0.145098, 0.145098, 1 )

[node name="Floor" type="CSGBox" parent="."]
use_collision = true
width = 100.0
height = 0.002
depth = 100.0
material = ExtResource( 3 )

[node name="SimpleCar" parent="." instance=ExtResource( 5 )]
transform = Transform( 1, 0, 0, 0, 1, 0, 0, 0, 1, 0, 3, 0 )
turn_curve = SubResource( 2 )

[node name="CSGBox3" type="CSGBox" parent="."]
transform = Transform( 0.0871558, 0, -0.996195, 0, 1, 0, 0.996195, 0, 0.0871558, 5.7, 1.2, -3.4 )
use_collision = true

[node name="CSGBox4" type="CSGBox" parent="."]
transform = Transform( 0.998982, -0.0435779, 0.0116322, 0.0435779, 0.866025, -0.498097, 0.0116322, 0.498097, 0.867043, -3.6, -0.3, 7.6 )
use_collision = true
width = 4.8
height = 3.4
depth = 4.2

[node name="CSGBox2" type="CSGBox" parent="."]
transform = Transform( 1, 0, 0, 0, 1, 0, 0, 0, 1, -9.9, 1.2, 5.7 )
use_collision = true
width = 20.2
